49.43
3.38
65.9
77.61
84.62
44.87
91.36
55.32
6.79
19.76
6.93
82.77
58.39
19.71
98.34
47.35
84.37
49.76
21.79
44.33
82.52
19.47
19.03
62.73
71.68
75.32
7.97
20.99
30.8
40.08
29.94
42.67
51.52
72.89
19.67
89.27
24.3
2.53
41.0
8.2
65.58
42.91
99.11
51.5
70.3
20.04
45.71
76.82
28.73
78.85
83.05
88.46
75.63
84.74
7.22
38.42
35.65
67.09
53.33
93.35
26.6
89.01
3.51
70.24
29.47
53.34
29.35
3.67
35.13
52.97
22.68
43.71
19.2
48.18
44.24
99.39
99.06
70.11
45.5
93.75
43.57
2.59
30.26
68.52
57.45
56.17
15.73
51.49
42.12
20.52
69.31
15.59
87.79
10.73
55.32
7.83
4.79
11.07
69.45
5.01
